---------------initialization: ----------------------
centroids:  [[36.26, 23.12], [38.42, 13.11], [38.47, 15.13]]
clusters:  [[[38.24, 20.42], [39.57, 26.15], [40.56, 25.32], [36.26, 23.12], [37.52, 20.44]], [[33.48, 10.54], [37.56, 12.19], [38.42, 13.11], [41.23, 9.1], [41.17, 13.05], [36.08, -5.21]], [[38.47, 15.13], [38.15, 15.35], [37.51, 15.17], [35.49, 14.32], [39.36, 19.56]]]
------------------- 0 -th Q-means: ------------------------
output:  [0.8772260567941814, 0.8479380006751976, 0.9009572763306175, 0.4679940349421855, 0.7147962898083773, 0.4767946898222514, 0.5525475503095423, 0.8520619647325918, 0.8671437551582927, 0.3903503660755787, 0.8655437405160324, 0.9104415674385125, 0.9405193413153123, 0.7468493524439808, 0.8228563851649711, 0.840858890286707, 0.9237237116934773, 0.8876626962635755, 0.8053521091166432, 0.8999545688010424, 0.7904467555656791, 0.3335477786341997, 0.9190584540147378, 60.660115919340335, 0.8030293609280226, 0.932317233737661, 0.8934578270860806, 0.8902862273754998, 0.937137966495019, 0.9352036586877882, 0.6992042771673661, 0.876781562014465, 0.7649478719657542, 0.8634481525080171, 0.5678772924987375, 0.969960970817
5791, 0.9255047387714906, 0.8365548770500049, 0.854371547406255, 0.8961483543258009, 0.8986731953805401, 0.8187010300026122, 0.534571675875868, 0.905682220883734, 0.9472477973490697, 0.9080695438721381, 0.9021583811555748, 0.9409027618571287]
new_cluster_id_list:  [2, 1, 2, 2, 0, 1, 1, 2, 1, 1, 1, 2, 0, 1, 2, 2]
centroids:  [[38.43, 23.09], [37.99, 8.796666666666665], [37.79600000000001, 15.906]]
clusters:  [[[37.52, 20.44], [38.15, 15.35]], [[39.57, 26.15], [33.48, 10.54], [37.56, 12.19], [41.23, 9.1], [41.17, 13.05], [36.08, -5.21], [37.51, 15.17]], [[38.24, 20.42], [40.56, 25.32], [36.26, 23.12], [38.42, 13.11], [38.47, 15.13], [35.49, 14.32], [39.36, 19.56]]]
------------------- 1 -th Q-means: ------------------------